Numbers referring to the plan
]807
}808
11
13
14
17
21
39
41
48
50
53
54
63
81
82
83
85
85a
88
90
91
94
95
98
99
104
105
109
110
110a
111
112
113
114
115
116
117
118
119
121
124
125
131
141
142
143
147
150
153
157
160
161
163
164a
165
169a
170
172a
173
173a
174
175
176
177
178
179
181
183
184
193
194
198
211
213
223
232a
247a
256
271
278
279
282
283
287
290
293
296
297
299
300
305
311
313
314
315
318
320
321
323
327
328
331
334
337
338
339
340
341
342
343
346
348
349
350
351
352
359
360
361
364
371a
376
377
381
384
393
399
404
407
409
410
411
412
414
414a
423
425
426
429
431
433
434
439
441
449
454
460
462
471
472
476
478
480a
481
483a
485
487
488
489a
491
493
495
497
500
502
505
506
509
510
511
512
513
514
515
516
517
528
531
534
541
542
543
544
546
553
554
556
559
562
566
568
569
571
573
574
575
576
577
578
579
581
582
584
585
586
587
588
589
592
593
598
603
607
611
612
614
616
617
619
627a
630a
633
643
649
652
655
657
661
664
665
666
667
668
669
670
671
673
674
676
678
679
681
682
686
690
694
699
700
702
705
707a
709
710
711
712a
713
714
715
716
717
729
730
735
739
745
749
751
752
755
757
761
763
767a
781
782
784
786
787
790
791
792
796
797
800
801
803
810
810a
811
812
813
814
815
815a
816
817
817a
817b
817c
817d
818
819
823
831
832
837
848
850
852
853
855
860
861
863
865
869
874
876
879
880
881
884
889
889a
890
891
893
894a
895
896
897a
898
899
900
901
902
903
904
906
907
908
910
911
912
913
914
915
916
917
917a
919
921
923
927
928a
929
930
938
939
940
941
943
944
949
952
953a
953b
954
955
956
958
958a
958b
959
960
961
962
963a
963b
964
970
974
977
979a
982
983
984
985
987
987a
988
989
991
993
996
999
1001
1002
1006
1010
1010a
1010b
1011
1012
1014
1015
1016
1017
1017a
1018
1020
1021
1022
1024
1027
1028
1029
1030
1031
1032
1035a
1036
1038
1039
10176b
